ncols         62
nrows         44
xllcorner     -83.414950501105
yllcorner     42.419478386698
cellsize      0.0004244491540755
NODATA_value  -9999
0 0 0 10 14 0 0 0 0 0 77 74 13 0 0 0 0 0 0 0 0 0 21 0 0 0 0 0 0 12 0 0 0 0 0 0 0 0 25 0 0 17 18 9 0 19 75 31 11 22 0 16 0 0 0 0 0 13 22 13 12 17 
0 0 0 0 0 0 0 0 0 77 84 75 54 57 10 0 0 0 0 0 0 0 11 0 0 0 0 0 10 0 0 0 0 0 0 0 0 0 0 0 0 0 18 19 35 43 68 18 15 0 0 0 17 19 19 0 0 15 16 15 0 14 
0 0 0 0 0 0 0 0 0 0 51 52 33 81 0 0 0 0 0 0 0 9 0 0 0 13 14 12 0 0 0 0 0 0 0 0 0 0 0 0 0 0 10 17 0 14 20 22 0 20 15 0 0 12 12 19 0 9 11 13 19 20 
0 0 0 0 0 0 0 0 0 0 0 51 0 0 0 0 0 0 0 0 0 0 0 0 13 0 0 0 0 0 0 0 0 0 0 0 0 0 0 0 16 18 19 17 0 0 18 15 0 20 12 0 0 11 0 17 10 0 21 28 23 19 
9 0 0 0 0 0 0 0 0 0 0 35 26 0 14 0 0 0 0 0 0 17 0 15 14 0 0 0 0 0 0 0 0 0 0 0 0 0 0 14 0 0 16 18 17 19 39 21 0 13 22 0 18 10 0 22 16 0 0 29 27 31 
0 0 0 0 0 0 0 0 0 0 0 0 21 81 0 55 0 0 0 0 0 0 11 0 0 0 0 0 0 0 0 0 0 0 0 0 0 0 0 0 0 13 11 15 15 17 36 25 0 0 24 0 23 14 0 21 17 0 19 11 0 0 
0 0 0 0 0 0 0 0 0 0 0 0 0 22 48 0 0 0 10 16 0 0 0 0 0 0 0 0 0 0 0 0 0 0 0 10 0 0 0 0 0 14 13 0 0 18 27 30 0 20 13 0 24 25 0 16 0 0 19 0 0 10 
0 0 0 0 0 0 0 0 0 0 0 0 0 25 58 44 35 15 50 80 58 29 11 0 9 0 0 14 10 0 0 0 0 0 0 0 0 0 0 0 0 0 0 0 0 18 21 38 0 12 16 0 15 29 12 23 11 0 19 10 0 10 
0 0 0 0 0 0 0 0 0 0 0 0 0 0 11 56 50 70 87 74 65 74 17 0 10 0 16 0 0 0 0 0 0 0 0 0 0 0 0 0 0 8 13 20 17 12 11 21 0 13 20 0 0 9 0 20 10 0 19 21 0 10 
0 9 0 0 0 0 0 0 0 0 0 0 0 12 46 61 13 67 71 84 50 65 74 20 14 12 13 0 0 0 0 0 0 0 0 0 0 0 0 0 13 20 26 19 0 0 28 23 0 16 35 20 9 9 0 0 17 17 20 11 10 16 
20 0 0 0 0 0 0 0 0 0 0 0 0 0 0 0 25 18 73 74 0 13 78 21 15 8 0 17 0 0 0 0 0 0 0 0 0 0 0 0 0 0 17 19 0 0 21 50 13 13 23 20 18 17 0 10 15 13 10 0 0 0 
0 0 0 0 0 0 0 0 0 0 0 0 0 0 0 26 16 66 82 80 0 17 83 80 19 0 0 13 0 0 0 0 0 0 9 10 0 0 0 14 0 0 18 18 16 21 20 28 11 13 15 17 14 0 0 9 13 15 18 0 0 0 
9 9 10 22 0 0 0 0 6 9 0 0 0 7 40 49 28 65 85 81 22 52 48 33 34 0 16 11 0 9 0 0 0 0 0 0 0 8 12 15 0 25 64 20 26 56 61 69 64 82 33 35 49 50 61 72 36 58 66 0 0 19 
12 0 14 19 26 42 22 0 18 16 18 0 0 25 26 18 10 0 0 0 0 0 20 0 0 0 0 6 9 0 0 0 0 11 25 0 0 0 0 15 0 15 66 66 63 70 75 68 61 68 21 10 0 22 40 70 68 67 69 27 0 10 
13 12 17 0 9 23 13 0 10 11 17 12 0 23 24 20 24 53 0 0 0 0 0 0 54 19 0 0 0 0 0 0 0 0 0 0 0 0 0 10 0 0 47 72 76 75 74 71 68 72 34 0 0 0 0 55 72 71 78 11 11 9 
0 13 17 9 0 22 34 14 0 22 0 16 32 38 24 16 27 61 0 0 0 0 0 0 0 0 31 60 10 11 0 0 0 0 0 0 0 0 16 0 0 0 56 67 77 80 78 79 68 68 15 0 0 0 0 32 46 22 56 21 0 0 
15 12 13 0 0 15 29 9 12 17 14 0 46 66 30 21 31 40 47 0 0 0 0 0 0 0 0 47 60 23 12 21 12 14 0 0 0 0 0 0 0 0 67 63 73 79 89 76 77 67 17 0 0 0 0 0 0 0 34 28 10 12 
27 15 13 0 0 11 0 0 13 24 26 16 26 28 20 25 22 0 0 0 0 0 0 0 0 0 0 59 20 30 58 63 41 47 24 7 0 0 0 0 0 22 71 76 72 75 66 62 41 65 19 0 0 0 0 0 0 0 19 42 0 19 
23 15 16 18 7 26 0 0 0 0 0 0 0 0 16 19 21 22 8 0 0 0 0 0 0 0 0 68 32 20 62 69 79 75 66 34 11 0 0 0 0 0 28 0 8 19 0 18 0 0 10 0 0 0 0 0 0 0 0 29 0 19 
27 21 15 0 0 15 14 13 25 30 10 9 12 0 14 14 17 32 0 0 0 0 0 0 0 0 0 44 28 0 46 75 37 0 0 24 35 6 0 0 0 0 0 0 0 0 0 0 0 0 0 0 0 0 0 0 0 0 25 20 0 14 
43 17 0 22 32 0 0 14 16 0 0 12 23 11 11 10 22 31 0 0 0 0 0 0 0 0 0 17 25 0 85 77 50 0 0 20 53 0 0 0 0 0 0 38 44 57 54 17 0 0 0 0 0 0 0 0 0 0 0 20 10 15 
33 14 18 47 69 27 23 11 11 0 15 14 28 32 15 16 20 28 12 0 0 0 0 0 0 0 0 0 0 0 0 77 84 10 8 47 49 17 0 0 0 16 10 23 53 59 54 72 57 36 10 0 0 0 0 0 0 0 10 17 17 15 
16 15 22 42 22 17 10 21 22 15 20 0 10 15 0 0 14 19 18 0 0 0 0 0 0 0 0 0 0 0 0 0 0 0 0 0 0 0 0 0 7 9 12 15 51 42 45 41 71 68 30 15 0 0 0 0 0 0 0 0 21 28 
23 15 18 29 21 0 5 0 0 0 0 0 22 9 14 13 15 12 0 0 0 0 0 0 0 0 0 0 0 0 0 0 0 0 0 0 0 0 0 0 0 0 0 0 0 0 0 0 24 24 26 0 0 0 17 10 0 0 0 18 8 0 
43 14 0 22 12 0 0 23 25 11 0 0 22 32 22 15 14 14 0 0 0 0 0 0 0 0 0 0 0 0 0 0 10 0 0 0 0 0 0 0 0 0 0 0 0 0 0 0 0 0 0 46 19 18 48 24 0 0 49 30 0 12 
42 20 0 19 24 0 0 0 0 0 0 0 18 30 21 0 28 36 18 0 0 20 0 0 0 0 0 0 0 0 0 0 0 26 24 22 0 0 0 0 0 0 0 0 0 0 0 0 0 0 53 79 59 45 56 41 20 23 17 31 13 12 
9 0 0 0 16 17 0 0 0 17 13 0 15 0 14 15 22 12 0 0 0 0 0 0 0 0 0 0 0 0 0 0 0 0 0 10 0 0 0 0 0 0 0 0 0 0 0 0 0 24 64 72 57 52 56 11 21 32 22 28 16 11 
0 0 12 20 17 22 0 0 0 21 0 0 0 0 10 0 19 32 31 21 11 13 11 11 11 10 15 0 0 0 0 0 0 0 0 16 13 0 0 0 0 0 0 0 0 0 0 0 0 0 0 0 44 75 64 13 0 17 12 16 11 18 
0 0 0 14 19 0 0 0 0 0 0 0 18 0 16 12 11 14 24 18 11 0 0 0 0 9 11 0 0 0 0 0 0 0 0 0 11 0 10 0 0 0 0 0 0 0 0 0 0 0 0 0 32 28 0 10 0 13 12 14 10 0 
0 0 8 16 0 0 0 0 0 19 0 0 0 0 0 0 0 0 0 0 0 0 0 10 0 0 0 0 0 0 0 0 0 0 10 10 0 0 0 0 0 0 0 0 0 0 0 0 0 0 0 0 0 0 0 0 0 10 0 10 0 0 
0 0 0 0 0 0 0 0 0 0 0 0 0 0 0 0 0 10 0 0 0 0 0 0 0 0 10 0 10 17 14 15 0 13 0 11 10 17 10 9 0 0 0 0 19 0 0 0 0 18 10 0 0 0 26 12 0 15 11 15 0 0 
0 12 0 0 0 0 17 15 16 9 9 0 0 17 19 21 14 20 21 17 9 0 10 11 19 15 14 22 21 18 19 20 18 19 8 25 19 20 21 0 0 0 9 0 15 14 11 21 16 22 21 0 0 19 65 0 0 10 9 10 15 9 
18 13 0 0 0 0 15 10 0 0 0 0 0 0 0 0 0 0 10 0 18 0 10 0 11 10 16 22 16 19 17 17 15 17 12 18 19 17 13 0 12 0 18 0 10 21 15 0 0 24 30 17 0 51 45 13 0 13 8 0 12 0 
10 19 0 0 0 12 13 0 0 20 0 0 10 14 0 20 0 0 14 19 0 0 9 17 18 17 39 27 10 19 23 31 26 23 26 27 26 20 5 13 0 15 11 0 10 20 24 15 0 14 20 17 0 0 22 16 0 54 13 28 16 0 
0 0 13 34 20 18 21 0 0 7 7 0 0 0 9 10 18 0 0 0 0 8 0 19 16 23 20 19 8 9 18 0 13 19 19 22 19 15 16 25 12 19 8 0 28 78 30 14 9 0 19 13 0 10 22 14 14 41 25 36 24 0 
0 0 0 0 31 32 53 42 12 13 16 0 0 0 19 20 23 17 0 0 15 10 19 5 22 31 25 18 20 10 13 14 15 18 17 16 24 13 10 23 50 25 22 22 35 79 71 33 24 23 22 10 0 11 17 13 9 41 42 30 29 13 
15 0 6 11 0 0 23 48 26 0 30 19 0 0 0 19 0 9 16 22 0 24 20 0 11 22 26 24 24 8 0 25 22 10 17 15 17 19 15 22 24 0 22 15 14 18 17 24 16 25 33 12 0 0 15 0 0 14 76 41 24 0 
17 12 0 12 0 18 16 13 16 27 28 23 0 16 16 16 16 17 0 21 13 11 18 16 15 14 17 17 20 20 0 9 23 18 18 14 20 26 20 24 29 22 20 23 18 18 18 15 0 17 12 18 12 11 17 11 8 28 69 73 37 32 
0 0 0 0 0 0 10 13 0 9 10 19 21 13 18 21 17 0 15 24 11 9 22 20 45 49 27 21 21 21 0 22 0 15 22 11 11 15 0 10 28 24 21 22 17 22 17 19 18 0 19 21 27 36 23 16 0 23 28 34 86 50 
15 11 9 19 16 14 17 15 16 12 9 0 0 0 19 17 10 17 22 43 0 0 26 16 12 30 20 17 16 15 15 14 10 11 22 21 54 60 58 24 23 20 0 16 14 18 19 24 23 15 25 22 16 21 21 17 16 17 17 27 82 78 
0 13 9 17 0 0 0 0 0 0 19 14 0 0 13 16 23 18 14 27 23 17 26 0 20 38 26 18 22 20 22 18 12 9 11 18 23 54 78 73 57 26 14 25 39 23 16 16 20 66 25 24 25 21 16 14 22 13 33 36 66 53 
0 9 0 14 0 0 10 15 13 0 0 0 0 17 61 20 23 24 16 17 0 10 23 13 7 21 17 17 19 26 17 18 7 12 17 17 22 29 64 70 36 33 26 35 39 73 11 11 23 75 29 18 19 25 11 10 0 7 9 0 63 39 
0 10 11 16 0 0 0 0 0 9 13 18 0 15 51 79 79 29 34 23 19 0 7 0 0 26 15 15 19 24 19 0 10 18 19 21 20 48 72 72 77 69 82 37 0 17 64 31 30 24 24 20 16 15 16 25 13 12 14 69 60 61 
0 0 9 12 0 8 23 15 0 0 0 0 0 12 30 76 73 64 65 54 19 0 9 15 0 22 18 14 20 22 21 27 28 23 15 19 17 27 69 70 60 61 68 56 0 0 74 25 24 22 24 20 17 13 16 25 19 16 19 56 71 71 
