ncols         62
nrows         44
xllcorner     -83.414950501105
yllcorner     42.419478386698
cellsize      0.0004244491540755
NODATA_value  -9999
22 23 23 23 23 23 22 21 21 21 21 21 21 22 22 21 21 21 21 21 21 22 23 23 21 21 21 23 23 23 22 21 21 21 23 21 24 24 23 21 22 21 21 21 21 21 21 21 21 21 22 23 23 23 22 23 22 23 21 21 22 22 
22 23 24 23 23 22 21 21 21 21 21 21 21 21 21 21 21 21 21 21 21 21 23 23 23 23 23 22 22 22 22 23 23 23 21 22 23 22 22 21 21 22 21 21 22 21 21 22 23 23 23 23 22 22 22 22 22 23 22 23 22 22 
21 22 21 21 21 21 21 21 21 21 21 21 21 21 21 21 21 21 21 21 21 21 23 23 23 21 21 21 21 21 21 22 23 23 23 23 23 21 22 22 21 21 21 21 21 21 21 23 23 22 22 22 22 22 22 22 22 22 22 23 23 22 
21 22 21 21 21 21 21 21 21 21 22 21 21 21 21 21 21 21 21 21 21 21 23 23 21 22 21 21 21 21 21 21 22 23 22 21 22 22 21 21 22 21 21 22 21 21 21 22 23 22 22 23 22 23 23 22 22 22 22 22 22 22 
21 22 21 21 21 21 21 21 21 21 21 22 22 21 21 21 21 21 21 21 21 21 21 23 21 21 21 21 21 21 21 21 22 22 22 21 21 21 21 21 22 22 21 21 21 22 21 22 23 23 22 22 22 22 22 22 22 22 22 21 22 22 
23 23 22 21 21 21 21 21 21 21 21 21 23 22 21 21 21 21 21 21 21 21 23 23 23 21 22 21 21 21 21 21 21 21 22 22 21 21 21 21 21 22 21 21 21 21 22 22 23 23 22 22 22 22 23 22 22 22 21 22 23 23 
22 22 21 21 21 21 21 21 21 21 21 21 21 22 21 21 21 21 21 21 21 21 23 23 22 22 21 21 21 21 21 21 21 21 22 21 22 22 21 21 21 21 21 21 21 21 21 23 23 23 22 22 23 22 23 23 22 22 22 22 23 22 
22 22 21 21 21 21 21 21 21 21 21 21 21 21 21 21 21 21 21 21 21 21 23 23 22 23 21 22 22 21 21 21 21 21 22 21 21 21 21 22 22 22 21 21 21 21 21 22 23 23 22 23 23 21 22 23 22 23 22 22 23 23 
23 22 21 21 21 21 21 21 21 21 21 21 21 21 21 21 21 21 21 21 21 21 21 23 22 23 21 22 22 21 21 21 21 21 21 22 21 21 22 21 21 22 21 21 21 21 22 22 22 23 22 23 23 23 23 22 22 23 22 22 23 23 
23 23 21 21 21 21 21 21 21 21 21 21 21 21 21 21 21 21 21 21 21 21 21 21 22 22 22 22 21 21 21 21 21 21 22 21 21 21 21 21 21 22 21 21 22 21 21 21 22 23 22 22 23 23 23 23 22 22 21 22 22 23 
22 23 22 21 21 21 21 21 21 21 21 21 21 21 21 21 21 21 21 21 21 21 21 21 21 22 22 22 21 21 21 21 21 21 21 22 21 21 22 21 21 21 21 21 21 21 21 21 22 23 22 22 22 22 23 23 22 22 23 23 23 23 
22 23 22 21 21 21 21 21 21 21 21 21 21 21 21 21 21 21 21 21 21 21 21 21 21 22 22 22 22 21 21 21 21 21 22 22 22 23 23 23 22 22 22 21 21 21 21 21 22 23 23 22 23 23 23 22 23 23 23 23 23 22 
23 23 21 21 21 21 21 21 21 21 21 21 21 21 21 21 21 21 22 21 21 21 21 21 21 21 21 21 21 21 21 21 21 21 21 21 22 23 23 23 21 21 21 21 21 21 21 21 21 21 21 21 21 21 21 21 21 21 21 22 23 21 
23 23 22 22 22 22 21 21 22 22 22 22 22 21 22 22 22 21 21 21 21 21 21 21 21 21 21 21 21 21 21 21 21 21 22 21 21 21 21 21 21 21 21 21 21 21 21 21 21 21 22 21 21 21 21 21 21 21 21 21 21 22 
23 22 22 23 23 22 22 23 22 23 23 22 22 22 22 22 23 21 21 21 21 21 21 21 21 21 21 21 21 21 21 21 21 21 21 21 21 21 21 21 21 21 21 21 21 21 21 21 21 21 22 23 22 21 21 21 21 21 21 21 21 23 
23 23 22 21 23 22 21 22 22 21 23 23 22 23 23 23 22 22 21 21 21 21 21 21 21 21 21 21 21 21 21 21 21 21 21 21 22 21 21 21 21 21 21 21 21 21 21 21 21 21 21 23 22 21 21 21 21 21 21 22 23 23 
23 22 23 22 23 23 22 22 22 21 22 23 22 21 23 22 22 22 21 21 21 21 21 21 21 21 21 21 21 21 21 21 21 21 21 21 21 21 21 21 21 21 21 21 21 21 21 21 21 21 21 22 21 21 21 21 21 21 21 21 23 22 
21 23 22 22 23 23 22 22 22 21 22 23 22 22 23 23 22 22 21 21 21 21 21 21 21 21 21 21 21 21 21 21 21 21 21 21 21 21 21 21 21 21 21 21 21 21 21 21 21 21 21 22 21 21 21 21 21 21 21 21 23 22 
22 23 23 22 23 22 22 22 22 23 23 23 22 21 22 22 22 21 21 21 21 21 21 21 21 21 21 21 21 21 21 21 21 21 21 21 21 21 21 21 21 21 21 21 21 22 22 22 22 22 22 22 21 21 21 21 21 21 21 21 23 22 
22 23 23 22 22 23 22 22 22 21 21 22 21 21 23 22 22 22 21 21 21 21 21 21 21 21 21 21 21 21 21 21 21 21 22 22 21 21 21 21 21 21 21 22 22 21 21 21 21 23 22 23 23 21 21 21 21 21 21 21 23 23 
22 23 23 21 21 23 22 23 22 22 24 22 21 21 21 22 22 22 21 21 21 21 21 21 21 21 21 21 21 21 21 21 21 21 21 22 22 21 21 21 21 21 21 21 21 21 21 21 21 21 21 22 23 22 23 22 22 22 22 22 22 23 
21 22 23 21 21 21 21 22 22 21 23 22 21 22 22 22 22 21 22 21 21 21 21 21 21 21 21 21 21 21 21 21 21 21 21 22 21 21 21 21 21 21 21 21 21 21 21 21 21 21 21 22 22 22 21 22 24 23 22 22 23 23 
22 23 23 21 22 21 22 21 21 21 21 21 21 21 22 22 21 21 21 21 21 21 21 21 21 21 21 21 21 21 21 21 21 21 21 21 21 21 21 21 21 21 22 21 21 21 21 21 21 21 21 22 23 23 21 21 21 22 21 22 22 22 
22 22 22 22 22 23 23 23 23 23 23 23 22 21 22 22 22 21 21 21 21 21 21 21 21 21 21 21 21 21 21 21 21 21 21 21 21 21 21 21 21 21 21 21 21 21 21 21 21 21 21 22 22 21 21 21 21 21 21 21 23 23 
22 22 22 22 22 23 22 22 21 22 22 22 22 21 22 23 23 21 21 21 21 21 21 21 21 21 21 21 21 21 21 21 21 21 21 21 21 21 21 21 21 21 21 21 21 23 22 22 21 21 22 21 21 21 21 21 21 21 21 21 23 23 
22 22 22 22 21 22 22 21 23 22 22 22 22 21 22 23 22 21 21 21 21 21 21 21 21 21 21 21 21 21 21 21 21 21 21 22 21 21 21 22 22 23 23 21 21 23 24 24 21 22 22 21 21 21 21 21 21 21 21 21 23 23 
23 23 24 24 24 23 23 23 23 23 22 23 22 21 22 22 23 21 21 21 21 21 21 21 21 21 21 21 21 21 21 21 21 21 23 23 22 22 23 23 24 24 24 21 21 21 24 23 23 22 21 21 21 21 21 21 21 21 21 21 22 23 
24 24 23 22 22 21 22 23 22 22 22 23 22 21 22 23 22 21 22 22 22 23 23 23 23 21 21 21 21 21 21 21 21 23 22 22 23 23 21 21 23 23 22 21 21 21 22 21 23 24 23 23 22 21 21 21 21 21 21 22 23 22 
24 24 23 23 22 22 22 23 23 23 23 23 23 21 22 23 23 22 22 22 23 24 24 24 23 23 23 22 23 22 21 21 21 21 21 21 23 23 21 21 21 21 22 21 21 21 21 21 23 22 23 23 22 21 22 22 22 23 23 22 23 23 
24 23 22 22 22 23 23 23 23 22 23 23 23 23 22 23 23 23 23 23 23 23 23 23 23 24 24 24 24 23 22 23 24 23 23 23 23 23 22 22 23 23 23 23 23 22 23 24 23 23 23 23 23 23 23 23 24 23 22 22 23 23 
23 24 23 22 22 23 22 22 23 23 23 24 23 23 23 23 23 23 23 23 23 23 23 23 23 24 23 23 23 22 22 22 23 23 23 23 22 23 22 22 22 22 24 23 23 22 22 23 23 23 23 23 21 21 21 22 23 24 22 22 22 23 
21 24 23 22 23 22 21 22 22 22 23 22 22 22 22 22 22 23 22 22 22 22 22 22 22 23 22 22 22 21 21 22 22 23 23 23 23 23 22 21 23 24 22 23 22 21 21 23 23 22 22 22 23 21 21 23 23 23 22 23 22 23 
22 23 23 23 23 22 21 22 23 23 23 23 23 23 23 22 22 23 23 22 22 22 22 22 22 22 23 22 22 22 22 23 22 22 22 23 22 22 22 22 23 24 21 23 23 22 21 23 23 23 22 22 23 21 21 21 23 22 21 21 22 22 
22 22 23 23 23 22 21 22 23 22 22 22 22 22 22 22 22 22 22 22 22 22 22 22 22 22 22 22 22 22 22 23 22 22 22 22 22 22 22 23 24 21 21 23 23 22 21 22 22 23 23 22 24 23 22 23 23 21 22 22 22 23 
23 23 23 23 21 21 21 21 23 23 22 22 22 23 22 22 22 22 21 22 22 22 22 22 22 21 22 23 22 22 23 22 22 22 22 22 22 22 23 22 21 22 23 23 22 21 21 22 23 22 23 22 23 23 22 23 23 21 22 22 22 22 
24 23 23 22 22 21 21 21 22 22 22 21 22 23 22 22 22 22 22 22 21 22 22 22 22 22 23 22 23 23 22 22 22 22 23 23 22 22 23 22 21 23 22 22 22 21 21 22 22 22 22 21 23 24 23 22 23 22 21 21 21 22 
23 23 23 22 23 23 21 22 21 21 21 22 22 23 22 22 22 23 22 22 23 22 22 22 22 22 22 23 22 22 22 22 22 22 23 22 22 22 23 22 21 22 22 23 23 22 22 22 23 22 21 23 24 24 23 23 23 22 21 21 21 22 
23 23 23 23 23 23 22 22 22 22 22 21 22 22 22 22 22 22 22 22 23 23 22 22 22 21 23 23 22 22 22 22 23 22 22 22 22 22 22 23 22 22 22 22 22 22 22 22 23 22 22 23 23 23 22 22 22 23 22 21 21 21 
23 23 23 23 23 23 23 23 22 23 23 23 21 21 22 22 22 22 23 23 23 23 22 22 23 22 22 23 22 22 23 22 23 23 22 22 22 23 23 23 22 22 22 22 22 22 22 22 22 23 23 21 21 21 21 22 22 22 22 21 21 21 
22 23 22 23 22 23 23 22 22 22 23 23 23 23 22 23 23 22 22 22 22 22 22 22 23 22 22 23 22 22 22 22 22 23 22 22 22 21 22 21 22 22 23 23 22 22 22 22 22 22 22 22 23 22 22 23 22 22 22 22 21 21 
23 22 23 23 23 23 23 23 23 23 22 22 23 23 21 21 21 22 23 22 23 23 22 22 22 22 22 23 23 22 22 22 23 23 22 23 22 21 21 21 22 23 22 22 22 22 23 23 22 21 21 22 22 22 23 23 21 21 21 21 22 21 
23 23 23 23 23 23 23 23 23 23 23 23 23 23 21 21 21 22 22 23 23 22 22 22 22 21 22 23 23 23 23 22 22 22 22 22 23 22 21 21 21 21 21 23 22 22 22 23 23 22 22 22 22 21 22 23 23 23 22 21 21 21 
23 23 23 23 23 23 23 23 23 23 23 23 22 23 21 21 21 22 21 21 23 22 22 22 22 22 23 23 22 22 23 23 23 22 23 22 22 22 21 21 21 21 21 21 22 23 21 21 22 22 22 22 23 21 22 22 23 23 23 22 22 21 
23 23 22 23 23 23 22 22 23 23 23 23 23 22 22 21 21 21 21 21 21 21 21 22 22 21 23 23 22 22 22 22 22 23 22 22 22 22 21 21 21 21 21 21 22 24 22 21 22 22 22 22 22 22 23 22 23 23 23 23 22 21 
