ncols         90
nrows         59
xllcorner     -83.454424272434
yllcorner     42.425845124009
cellsize      0.00042444915407553
NODATA_value  -9999
12 0 0 15 0 13 22 19 0 14 22 46 12 12 0 15 0 12 0 16 12 19 0 0 7 15 18 17 28 27 0 0 18 29 0 0 23 19 19 0 15 12 16 18 0 20 0 16 16 60 55 59 40 0 0 0 23 14 69 19 23 48 27 0 22 14 59 84 37 16 12 0 2 0 0 3 4 4 0 0 0 0 19 22 0 0 0 0 0 21 
14 11 0 18 14 10 26 20 29 28 23 53 15 10 22 0 0 14 0 11 9 0 21 0 0 10 27 21 0 0 0 0 0 34 48 44 18 41 14 0 0 0 0 10 0 16 25 0 13 22 16 16 18 0 0 0 0 0 34 22 21 49 27 38 54 24 21 50 74 14 23 0 0 0 22 0 5 6 0 10 16 8 18 0 0 0 0 33 0 0 
18 12 0 15 0 15 19 0 40 26 0 28 40 25 21 0 14 20 0 15 0 0 13 13 0 0 19 36 25 44 43 21 11 15 15 82 79 76 32 0 0 0 14 0 0 0 16 15 10 0 0 0 11 0 0 9 5 0 27 12 0 17 16 50 38 0 18 40 54 44 69 10 8 2 19 40 8 10 16 10 23 11 0 0 0 0 0 0 24 28 
13 16 19 20 13 31 33 15 17 33 16 16 18 15 36 16 17 22 14 19 9 0 16 0 0 14 0 14 9 13 0 0 0 10 16 14 12 68 36 0 15 17 11 16 0 0 0 12 10 0 17 16 0 0 0 0 24 0 22 40 0 22 25 24 28 17 23 72 45 27 69 79 68 72 69 47 42 9 23 15 8 17 21 0 0 0 0 26 7 22 
0 17 18 8 0 24 30 17 18 25 15 22 23 14 26 15 10 15 10 17 17 0 16 14 20 29 22 20 22 0 0 53 67 73 14 11 0 33 0 0 0 18 15 0 0 14 13 12 11 0 0 0 16 0 0 0 19 24 23 29 0 15 29 28 0 22 63 62 35 21 43 45 48 62 45 30 20 18 17 14 0 16 17 15 0 13 0 27 9 9 
11 15 12 13 17 23 41 20 0 22 16 40 36 15 20 21 16 22 11 16 19 0 13 11 16 56 29 0 18 21 12 59 76 76 72 71 15 40 0 0 0 32 48 70 22 13 15 17 9 0 0 0 17 0 0 0 16 70 65 63 66 43 13 20 17 14 40 50 32 14 21 53 61 67 56 50 28 22 16 29 46 30 9 12 0 0 0 33 20 16 
10 13 18 18 15 15 26 23 15 0 14 33 56 12 13 11 0 0 0 16 13 11 19 12 11 26 61 27 21 20 16 20 62 57 29 15 0 16 26 0 0 20 55 68 56 25 14 0 10 0 0 0 13 12 0 0 27 0 16 16 12 29 38 53 51 49 48 24 32 0 13 50 48 52 73 61 60 69 79 81 56 26 12 8 10 26 0 0 14 10 
13 10 9 29 34 19 31 24 18 17 15 0 64 15 21 52 27 14 0 17 10 13 27 12 0 23 74 12 0 17 26 22 19 22 0 0 57 69 29 0 15 30 49 46 49 19 11 8 12 0 0 0 16 18 0 13 53 63 30 40 48 49 25 28 18 54 46 33 51 28 23 28 27 20 52 36 40 50 77 87 64 0 23 44 11 18 23 11 18 12 
14 18 0 19 15 11 12 16 14 0 9 16 62 13 0 0 24 50 26 12 0 10 25 19 0 55 79 87 48 0 0 21 22 60 76 85 74 77 77 80 77 55 64 76 36 0 0 9 0 0 0 0 20 10 0 0 53 45 23 0 0 19 16 12 20 21 27 70 76 34 30 16 22 56 47 31 29 48 74 77 31 0 19 39 7 0 16 9 14 17 
12 0 0 0 20 20 21 17 16 18 12 0 65 61 29 27 20 10 16 25 15 0 17 37 10 29 73 77 75 38 14 45 11 23 25 85 80 87 65 72 64 31 61 64 0 0 0 10 0 21 20 51 27 0 0 0 43 23 22 45 30 53 66 53 69 70 80 79 75 78 78 52 56 68 48 36 20 19 10 78 60 18 19 47 50 23 25 24 41 58 
13 14 16 0 28 23 22 18 16 23 0 14 29 87 88 88 83 19 17 17 0 0 0 0 0 23 79 77 78 18 0 0 7 5 14 26 46 44 60 54 66 67 54 45 0 0 0 14 0 24 48 31 23 0 0 0 23 0 23 54 20 0 22 36 22 38 66 53 49 37 48 27 31 26 27 54 18 23 20 57 71 56 44 26 55 0 23 21 20 58 
10 16 0 0 15 13 15 14 14 16 14 13 15 76 77 78 73 83 60 32 28 12 18 17 14 19 76 81 76 27 26 50 36 48 28 37 25 23 19 18 31 29 16 0 12 19 0 0 0 0 12 16 17 0 0 23 24 11 17 68 33 19 51 52 51 50 59 50 54 47 11 28 32 48 75 73 75 68 76 60 72 67 69 21 34 41 14 16 16 21 
15 37 30 37 21 23 29 36 37 22 16 20 48 37 47 39 51 52 66 65 69 64 78 77 78 68 78 81 81 58 48 74 65 14 0 25 14 0 0 0 0 0 0 0 0 0 0 0 0 9 0 17 14 0 0 0 46 0 20 61 64 33 43 47 73 72 74 60 39 33 28 27 32 21 26 33 54 71 52 55 50 34 67 60 19 22 34 27 20 18 
13 15 15 18 22 15 12 0 13 12 11 17 18 19 17 14 18 23 65 76 75 83 66 73 75 76 80 70 79 75 63 33 34 34 0 0 0 0 0 0 0 0 0 0 0 0 0 15 0 10 0 0 0 0 0 15 39 20 0 72 55 39 29 25 19 26 22 20 23 24 31 37 85 36 0 28 77 74 58 75 58 50 64 74 58 29 22 25 0 0 
0 18 19 0 12 9 14 11 19 15 12 13 13 17 24 15 16 42 46 58 56 80 67 75 81 76 65 72 73 56 79 53 50 27 0 0 11 14 13 17 12 15 0 17 21 0 19 0 0 0 0 0 0 0 0 11 17 20 26 76 56 28 22 55 71 59 48 46 48 37 37 65 45 30 63 80 79 78 68 65 59 65 53 78 70 18 35 65 25 8 
11 16 15 10 0 6 0 12 15 24 34 13 24 67 58 14 21 40 64 69 31 34 72 78 80 78 83 83 67 78 86 74 71 76 50 19 0 14 11 18 17 13 0 26 0 17 0 19 23 22 37 63 15 0 0 13 24 19 18 66 81 73 76 87 83 83 86 71 49 30 22 32 29 41 62 79 68 36 57 75 36 52 67 74 49 8 59 71 27 0 
10 23 19 0 0 11 0 14 12 13 10 12 26 67 33 48 63 50 14 10 18 16 20 71 77 0 78 69 22 23 36 18 63 57 0 20 20 12 0 0 0 0 16 0 0 0 0 16 26 0 0 0 12 0 0 58 11 13 59 74 72 28 68 50 21 0 81 0 83 32 28 35 24 32 74 41 67 81 71 70 56 58 69 48 25 22 68 76 0 23 
16 25 23 10 14 13 14 12 17 15 0 14 17 34 29 16 29 25 20 42 20 20 60 71 59 15 48 18 0 18 11 11 59 28 0 0 15 13 0 0 0 17 0 0 0 0 0 20 0 0 0 14 23 0 14 47 0 14 71 77 19 24 58 30 0 0 0 22 16 42 28 31 30 33 37 35 60 76 58 38 52 67 52 30 17 65 82 76 25 28 
9 22 18 9 18 17 15 14 26 26 22 31 55 75 21 15 18 44 62 34 14 26 43 27 36 45 48 40 34 15 23 20 57 37 0 0 18 16 0 0 0 0 0 17 0 21 28 17 0 0 0 0 0 0 21 31 28 0 0 13 21 25 50 23 13 0 20 22 21 21 15 32 21 40 32 28 51 78 34 52 39 53 48 18 29 59 24 27 0 22 
21 19 35 12 13 15 17 14 13 0 14 20 58 61 31 26 52 65 27 29 25 32 56 51 35 21 71 75 38 18 13 30 45 57 62 71 73 10 0 0 0 0 12 0 0 22 0 10 0 0 0 0 0 0 17 59 24 0 0 20 18 17 24 31 19 19 39 41 61 78 48 54 34 31 26 13 43 42 60 57 63 62 54 16 49 28 25 30 17 13 
46 36 28 22 29 21 12 6 13 14 16 17 28 56 61 52 77 58 26 29 47 58 62 58 51 23 39 61 41 17 20 33 18 37 81 90 25 11 0 0 16 0 0 23 31 0 11 0 0 0 17 0 0 0 0 53 16 9 13 50 15 20 16 48 13 30 43 45 40 56 0 0 52 61 55 44 42 36 46 30 24 64 72 22 34 44 57 55 27 0 
21 35 51 46 41 20 18 22 33 23 14 15 30 29 32 23 21 0 0 42 37 26 44 26 66 57 65 50 25 19 0 0 13 17 68 82 56 13 18 19 16 0 0 16 20 19 0 0 0 14 0 0 0 0 25 12 0 0 0 29 32 25 44 50 49 43 24 22 43 50 44 20 27 52 62 79 55 16 36 26 16 16 80 89 51 0 0 26 25 27 
12 10 0 10 17 0 0 25 18 27 14 13 12 20 19 25 29 0 0 31 16 0 25 42 68 44 49 18 47 23 14 0 0 40 24 0 17 13 19 0 0 0 0 0 16 0 0 0 17 16 0 0 0 21 46 12 17 38 28 26 9 17 24 52 46 37 24 50 47 53 27 7 39 48 0 54 29 23 26 31 40 30 58 79 72 20 27 15 10 24 
0 0 16 19 16 20 15 0 0 19 19 9 24 11 13 0 14 15 13 0 28 18 19 25 31 61 58 23 36 24 0 12 0 51 26 0 14 11 14 0 0 0 14 20 0 0 0 8 0 0 0 13 11 14 29 35 57 45 60 60 17 14 18 29 30 54 52 67 38 0 8 18 41 28 21 24 23 22 24 20 32 34 21 21 27 70 59 33 24 23 
13 13 29 25 15 24 24 32 11 14 17 16 17 44 58 56 0 0 0 24 10 0 40 34 65 61 27 15 14 0 7 11 13 0 23 0 14 23 21 0 0 0 0 22 0 0 0 0 0 0 0 0 0 0 0 39 23 38 49 64 32 21 17 23 23 45 52 38 20 6 0 0 18 26 9 26 33 8 27 24 26 35 35 13 0 18 57 51 27 18 
37 0 21 36 21 14 19 39 23 0 18 28 20 0 27 0 0 0 31 55 27 13 0 0 36 23 17 12 0 15 13 14 14 40 19 0 23 21 0 0 0 0 20 10 0 0 0 0 0 0 0 0 0 0 0 0 26 33 23 17 65 55 28 22 35 39 21 30 46 20 36 23 27 26 24 22 10 21 38 20 23 25 20 47 41 31 27 32 45 43 
18 18 41 20 20 19 18 25 17 0 20 32 0 0 22 20 13 8 19 63 20 28 24 0 38 21 13 13 24 27 55 17 25 33 16 0 13 16 15 0 0 0 15 0 0 0 0 0 0 0 16 0 0 0 0 0 11 34 35 23 26 50 49 16 28 30 23 39 28 21 27 23 23 50 21 23 25 46 43 30 36 15 21 37 39 34 0 19 0 17 
0 0 18 16 17 25 12 17 15 19 18 39 23 26 43 20 14 0 18 41 52 27 24 0 0 42 7 13 25 46 54 42 32 55 21 9 11 8 0 0 0 0 0 0 0 21 0 0 0 0 0 0 0 0 0 0 0 0 0 8 0 0 15 12 10 0 0 19 18 11 0 8 0 9 0 0 0 0 19 27 0 0 0 0 0 32 0 23 32 32 
12 0 16 0 0 25 16 11 26 10 0 0 45 50 48 17 17 0 0 35 34 27 22 19 0 29 14 0 15 11 11 0 0 17 0 0 0 10 0 0 0 0 0 0 0 0 0 0 0 0 0 0 0 0 0 0 0 0 10 15 49 51 36 44 20 18 23 57 40 14 15 50 21 14 24 0 19 29 34 14 29 17 0 0 0 35 0 0 0 0 
0 0 14 0 10 0 9 0 14 0 0 0 0 8 0 0 0 0 0 0 0 0 0 0 13 0 0 0 13 10 18 31 11 2 0 2 0 0 0 22 0 0 0 20 19 0 0 17 20 0 0 0 0 0 0 0 0 0 0 0 40 22 37 42 64 60 60 44 34 16 0 0 0 0 0 32 15 18 0 0 0 0 0 0 0 0 0 0 0 0 
21 43 34 27 57 18 22 18 0 0 0 0 0 0 0 0 0 18 17 0 16 0 0 0 0 0 6 0 0 0 0 24 12 5 4 2 8 0 0 22 12 0 0 0 0 0 0 0 0 24 0 0 0 0 0 0 0 0 0 10 38 22 19 29 23 29 33 21 16 18 24 0 0 0 0 0 0 15 0 0 0 0 9 0 0 0 0 0 0 0 
42 63 50 27 42 19 0 9 0 0 0 0 0 0 0 0 0 17 0 22 0 0 0 0 0 0 0 0 0 0 0 16 45 4 0 0 7 0 0 0 25 0 0 0 0 0 0 0 0 20 0 0 0 0 0 0 0 0 0 0 16 18 17 16 15 27 29 19 18 18 14 0 0 0 0 0 0 15 17 26 52 0 0 0 0 0 0 0 0 0 
28 64 52 46 18 0 0 0 0 0 0 0 0 0 0 0 0 26 15 0 0 0 0 0 0 0 0 0 0 0 0 0 22 9 0 10 6 0 0 0 0 0 0 0 0 0 0 0 0 0 0 0 0 0 0 0 0 0 0 13 11 0 0 15 21 36 26 27 23 21 25 10 12 11 12 0 22 21 45 67 50 14 12 0 0 0 0 0 0 0 
22 45 70 0 19 0 0 0 0 0 0 0 0 0 16 0 0 0 0 14 8 0 0 43 0 0 0 0 0 0 0 55 24 0 0 0 8 0 0 0 0 0 0 0 0 0 0 0 0 13 0 24 26 0 0 0 0 0 13 13 42 25 0 19 26 6 0 21 20 17 20 26 18 0 16 14 14 22 81 72 75 70 51 0 0 17 9 16 0 0 
26 29 0 0 0 0 0 7 0 0 0 0 0 0 0 0 0 0 0 0 0 0 0 0 0 0 0 0 0 0 0 14 46 68 0 25 0 0 0 0 0 0 0 0 0 0 10 0 0 17 26 0 31 46 8 0 0 0 0 6 51 45 22 27 9 13 10 0 12 0 20 16 12 0 14 13 17 24 79 76 67 74 76 24 0 0 0 0 0 0 
54 48 19 5 0 0 5 0 0 7 0 0 0 0 0 0 0 0 0 0 0 0 0 0 0 0 0 0 17 0 0 16 42 50 0 0 6 0 0 0 0 0 0 0 0 0 0 0 13 8 0 0 0 25 24 0 0 0 0 18 40 30 52 68 37 22 22 20 24 57 84 17 0 0 0 14 19 23 66 73 72 82 59 11 0 0 0 0 0 0 
57 74 60 0 0 0 5 0 0 0 16 0 0 0 0 0 0 0 0 0 0 0 0 0 0 0 0 0 0 0 0 0 18 7 2 0 0 0 0 0 0 0 0 0 0 0 0 0 13 0 0 0 47 0 0 0 0 0 0 0 0 28 51 50 49 22 19 18 57 74 70 55 47 35 39 39 39 23 47 83 81 79 80 68 24 23 12 0 0 0 
61 78 80 72 10 9 0 0 0 0 0 0 0 0 0 0 0 0 0 0 0 0 0 0 0 0 0 0 0 0 0 0 27 15 0 0 3 0 7 0 0 0 0 0 0 0 0 0 0 0 0 0 10 0 0 0 0 0 0 0 18 10 0 0 0 0 0 0 0 0 0 0 21 35 0 23 20 35 68 77 80 83 81 85 78 68 0 0 0 0 
22 28 57 10 0 0 0 0 0 0 0 0 0 0 0 0 0 0 0 0 6 0 0 0 0 0 0 0 0 0 0 14 22 20 4 5 0 8 13 17 0 18 16 0 0 9 15 0 19 0 0 0 0 0 0 0 0 0 0 0 0 0 0 0 0 0 0 0 0 0 0 0 0 22 21 22 11 26 78 85 81 80 82 85 80 0 2 0 0 0 
17 13 65 72 30 6 0 0 0 0 0 0 0 0 0 0 0 0 0 0 0 0 0 0 0 0 0 0 0 0 0 13 0 47 29 55 69 0 60 21 8 0 0 24 24 0 19 22 23 12 0 0 0 0 0 0 0 0 9 0 0 0 0 0 0 0 0 0 0 0 0 0 0 17 18 19 0 31 80 80 80 77 83 83 69 72 9 0 10 0 
23 29 76 82 63 18 14 0 8 0 27 0 0 0 0 0 0 0 0 0 0 0 0 0 0 0 0 0 0 0 0 24 0 0 41 56 67 0 61 22 0 0 0 0 0 0 0 0 0 0 0 0 0 0 0 0 0 0 0 0 0 0 0 0 0 0 0 0 0 20 0 0 0 0 22 0 0 21 77 85 80 86 82 88 86 87 88 83 83 20 
22 33 73 64 27 48 40 51 11 0 0 0 31 12 0 0 0 0 0 0 0 0 0 0 0 0 0 0 0 0 0 29 19 13 17 0 36 27 28 22 0 0 0 0 0 0 0 0 0 0 17 15 27 0 0 0 0 0 0 0 0 0 0 0 18 31 46 30 46 55 51 29 42 53 0 0 0 0 41 78 82 79 85 86 81 86 80 0 23 20 
25 28 64 67 57 38 35 47 62 71 60 72 66 80 80 84 60 12 0 0 12 0 0 0 11 0 0 0 0 0 0 28 0 0 0 0 0 0 29 0 0 0 0 0 0 0 0 0 0 0 0 14 30 0 0 0 0 0 0 0 28 22 0 0 0 25 72 50 15 0 0 0 26 0 19 25 13 0 48 88 87 73 53 0 84 81 59 28 18 0 
23 16 58 67 65 62 68 57 82 68 82 85 80 80 76 81 72 52 13 8 0 0 0 20 0 6 0 6 9 0 0 33 22 13 17 0 0 20 21 46 39 18 38 55 51 52 68 34 31 10 19 0 0 0 0 0 0 0 0 0 0 0 0 0 0 0 21 13 0 0 0 59 77 24 0 21 21 16 18 35 30 0 24 0 25 16 0 0 15 11 
18 44 84 84 81 82 65 78 81 79 82 78 74 79 80 83 83 81 83 55 35 0 8 48 52 63 12 17 36 18 40 68 49 35 39 42 49 16 0 51 40 18 16 0 0 22 18 0 15 0 0 0 0 0 0 0 0 3 0 5 0 19 0 7 0 0 14 26 0 0 21 17 48 30 23 21 0 0 0 12 31 0 0 18 0 0 0 0 0 0 
60 54 77 78 85 83 77 79 79 86 85 80 82 71 76 58 79 82 80 79 75 52 66 61 69 61 27 16 24 35 9 24 50 31 17 7 22 14 15 24 48 18 38 0 0 24 23 14 20 22 0 0 0 0 0 0 0 4 0 0 0 0 0 11 0 0 0 16 12 21 0 0 0 0 21 14 0 0 0 0 36 83 47 51 50 51 78 67 0 0 
78 86 79 36 19 28 71 82 72 69 77 51 34 70 37 65 76 67 82 62 28 24 23 23 48 46 38 26 16 43 39 46 34 25 19 11 40 59 49 57 27 14 44 52 33 16 19 14 16 22 23 0 0 0 0 0 0 0 25 0 0 0 0 0 0 0 0 22 19 0 0 0 0 0 17 0 0 0 14 0 77 83 83 71 62 67 72 66 40 19 
66 38 58 71 21 33 65 69 59 64 80 24 11 56 54 70 71 52 59 52 47 17 15 20 21 65 72 75 62 67 46 25 21 44 45 39 62 65 30 78 48 18 21 70 71 52 41 22 42 18 24 0 0 0 0 12 14 0 25 0 0 0 0 0 0 0 0 0 0 14 0 0 0 0 0 11 28 18 19 28 35 18 29 29 9 20 27 13 25 23 
23 18 26 50 39 55 40 32 54 40 72 21 12 15 0 21 15 14 11 26 10 19 14 33 67 67 11 51 65 55 59 28 18 29 25 19 29 0 37 69 69 29 14 16 23 21 23 17 23 14 0 0 0 0 16 0 33 0 10 18 0 7 0 0 0 29 0 0 0 16 0 0 0 0 10 0 0 13 0 36 27 18 17 22 14 0 20 23 20 0 
23 29 54 47 44 54 24 22 51 56 69 54 19 12 6 15 25 19 0 0 20 42 20 14 11 64 37 20 31 31 38 25 23 21 20 40 51 49 22 70 73 45 18 24 47 55 56 48 23 18 0 0 0 0 0 0 0 17 22 24 42 21 0 0 0 40 0 0 0 0 0 0 0 0 0 0 0 0 19 33 63 18 26 24 22 8 28 44 24 11 
22 20 49 35 21 26 25 34 30 46 57 46 37 21 0 6 25 25 18 23 30 17 20 36 23 13 41 0 46 64 68 24 21 23 31 56 33 50 53 67 73 22 35 27 25 24 26 18 18 15 21 0 0 0 0 0 0 0 47 68 69 17 0 0 0 0 29 20 0 0 0 0 0 0 0 0 0 0 15 24 67 29 23 30 19 57 63 48 12 18 
33 24 47 50 38 24 32 15 23 27 21 23 12 11 0 23 21 32 41 48 16 0 0 0 0 18 9 14 22 71 71 71 17 15 36 31 41 59 28 77 56 35 34 39 28 21 14 15 32 17 0 0 0 0 0 0 0 0 43 75 55 9 0 0 0 0 0 0 0 0 0 0 0 0 0 0 0 0 0 0 20 10 28 17 14 31 54 10 11 16 
0 46 70 63 40 39 52 26 13 8 0 29 14 21 26 43 38 31 20 16 18 14 0 0 48 77 45 17 37 77 54 30 16 23 13 56 59 31 4 43 47 16 25 17 26 25 22 22 25 21 0 0 0 0 0 0 0 0 81 70 44 0 0 0 0 44 21 0 0 0 0 0 0 0 0 0 0 0 0 23 24 0 25 24 20 0 19 0 9 9 
25 35 80 9 17 37 61 39 26 49 63 48 18 5 37 68 24 0 9 26 17 10 0 0 49 61 64 41 42 80 53 62 39 28 21 56 0 0 8 19 53 28 23 24 21 21 17 31 41 24 0 0 0 0 0 0 0 28 53 64 50 0 0 0 0 36 34 0 0 0 0 14 0 0 0 0 0 0 0 18 0 0 0 18 17 0 23 12 0 15 
24 21 52 34 0 22 56 32 20 19 22 35 18 33 25 50 62 14 9 20 13 33 16 0 14 28 45 37 35 55 56 45 32 37 46 55 59 10 14 0 49 32 16 25 38 21 18 20 17 0 0 0 0 18 0 0 0 0 28 37 0 0 0 0 0 43 31 0 0 0 0 0 13 14 0 0 0 0 22 23 36 33 38 22 25 29 12 22 14 20 
8 0 25 27 15 11 18 17 17 26 23 39 17 13 23 51 47 31 20 23 46 26 30 0 0 29 0 53 37 58 50 48 55 21 54 33 60 71 69 67 20 15 15 15 0 0 0 0 0 0 0 0 0 0 0 0 0 0 45 0 0 0 0 0 0 23 0 0 0 0 0 0 0 0 0 0 17 0 0 21 42 31 52 41 0 23 32 42 39 30 
0 11 23 20 17 64 45 29 13 16 25 27 15 15 22 40 32 46 16 28 51 25 15 10 12 0 71 23 41 57 61 67 28 47 48 40 68 20 48 50 44 40 24 32 0 0 0 0 0 14 15 0 0 0 0 13 21 23 51 37 23 23 0 0 0 19 0 0 0 0 0 0 0 0 0 0 12 62 0 0 11 0 0 0 0 21 0 10 23 42 
8 9 20 13 0 13 17 14 13 22 20 12 18 21 10 21 46 31 20 18 52 61 21 0 40 73 11 19 47 51 46 74 53 52 52 27 37 29 48 43 54 29 18 21 0 0 0 0 0 0 0 0 0 0 0 0 0 27 0 0 36 21 18 19 10 0 0 0 0 0 0 0 0 15 0 0 0 21 54 28 21 11 23 28 0 23 0 0 0 23 
15 16 25 27 12 10 9 12 12 14 9 36 20 18 14 14 27 28 9 34 24 33 26 0 0 26 33 28 47 70 56 70 47 46 49 51 33 47 58 55 57 23 18 22 0 0 0 0 16 23 0 0 0 0 0 0 0 0 0 0 71 54 76 0 0 0 0 0 0 0 0 0 0 19 25 15 0 18 41 39 17 21 27 0 0 0 0 27 14 17 
